25 100
6
100 5 7
2000 0 1 50
1000 1 3 60
4000 3 4 10
3000 3 1 20
7000 2 1 40
5000 0 2 30
6000 2 4 30
400 0 4 60
300 6000
400 1 4 -1
200 8000 1 4 80
400 0 4 20
30
100 10 20
343235942 9 3 563
511588076 3 6 305
103497954 6 0 711
956612808 0 7 757
588911646 7 5 355
33727076 5 4 1
88489754 4 8 735
527630784 8 1 757
106424790 1 2 315
392166108 2 9 457
538766930 2 1 677
837716110 8 7 283
34689228 2 5 287
794963624 0 5 33
929199098 0 9 317
214614198 6 1 941
214206318 0 1 417
749508458 4 5 555
112136364 4 1 363
372776996 0 3 13
400 6 3 1552
300 511588076
200 468395384 8 5 17
300 527630784
400 6 5 799
200 198145676 6 7 983
200 613290005 7 4 836
200 815664058 6 9 109
300 112136364
200 608358041 5 0 296
300 88489754
200 368223732 4 9 5
200 418160571 5 2 666
200 61151304 6 5 851
200 283217377 7 0 64
300 468395384
300 608358041
200 267811282 6 3 877
200 808500675 7 6 274
200 918533680 8 3 367
400 2 1 -1
300 538766930
200 335339410 2 3 459
300 372776996
200 393225127 5 6 470
200 60436868 8 9 167
400 6 9 641
200 235561468 2 7 17
400 4 7 -1
50
100 20 30
249589229 17 1 366
996277835 1 11 308
551151321 11 19 802
650753303 19 0 304
467127941 0 13 326
757337251 13 18 92
237498097 18 15 274
534401263 15 9 128
269986333 9 4 286
805553147 4 10 428
629192201 10 7 2
681362887 7 8 440
651452597 8 12 878
17621587 12 6 524
580088865 6 3 34
450365343 3 5 64
24007245 5 16 966
471572395 16 2 348
986820921 2 14 386
770274935 14 17 1000
89593061 17 6 508
356689233 9 6 520
187838589 5 2 564
706023017 1 6 48
366875413 9 18 828
1264769 13 6 344
899723437 5 6 524
700328857 1 2 824
228302661 3 0 810
17565615 7 12 878
400 7 12 440
200 191197831 3 4 622
200 431474404 8 17 39
200 450491661 13 10 12
300 471572395
300 366875413
300 191197831
300 1264769
300 17565615
300 450365343
200 514414278 14 7 633
200 699785703 15 4 254
200 534920388 12 17 95
200 135746925 17 10 388
200 972409778 12 5 467
200 330150513 17 18 536
300 24007245
200 857485100 0 17 639
200 269886005 15 12 50
200 21317632 14 3 33
300 534401263
200 216465509 9 2 924
400 5 6 1840
200 232732669 5 14 204
200 942482946 2 19 845
200 997199667 19 12 914
200 806766048 16 9 683
400 4 9 -1
200 157094360 4 1 659
300 269886005
200 26533167 7 4 766
200 766148332 16 17 423
200 841818869 15 16 610
200 146181056 2 11 385
400 10 11 -1
200 331585166 12 1 939
200 369511593 3 12 670
200 45987908 8 1 239
300 146181056
300 651452597
200 144407001 17 14 960
200 37262702 6 7 617
200 744018119 15 0 406
200 858349092 2 15 621
200 29656235 9 14 344
200 263382206 18 19 153
200 9738239 19 8 438
300 232732669
400 13 10 1036
50
100 30 40
134905916 18 19 145
285827762 19 6 831
880548632 6 28 13
40390382 28 20 611
679473588 20 5 97
694679274 5 2 487
259743760 2 16 605
213746342 16 27 131
150807596 27 9 617
682140706 9 29 223
386562056 29 14 381
969564510 14 15 883
565128612 15 22 969
364244058 22 24 975
301624064 24 12 573
263361814 12 3 523
460975644 3 17 569
33309586 17 21 303
354545912 21 4 293
14010318 4 0 483
467486100 0 10 121
780068810 10 1 871
15681520 1 13 205
780482438 13 25 979
14305804 25 7 881
994835714 7 26 463
484200424 26 8 381
350029886 8 23 923
773063556 23 11 641
125406010 11 18 959
847860960 6 7 19
567828476 6 25 735
121831640 6 17 59
984746356 28 11 701
854463078 0 1 633
590338530 14 17 773
854536990 22 9 473
189850650 2 25 853
317185750 12 25 409
506934098 18 15 493
400 16 25 -1
200 59797898 10 11 333
200 49718939 11 2 466
200 215464872 22 15 475
200 450905537 5 8 672
200 645477814 16 23 689
200 31555863 17 10 342
300 969564510
200 469826666 28 9 141
300 880548632
200 900370953 25 14 624
200 176224990 0 5 881
200 67689887 19 12 614
200 858519452 24 1 495
200 507719397 29 22 524
300 263361814
200 600469360 4 15 425
200 104955687 9 26 268
200 863069882 10 23 221
200 755265803 13 10 730
200 327186520 22 23 403
200 624685489 13 8 880
200 525258726 24 27 489
200 602900615 13 26 494
300 773063556
200 22839194 18 29 419
200 351056377 11 28 888
200 9653518 4 21 185
300 15681520
200 759299901 23 18 36
200 129217602 10 5 221
200 57939571 1 0 306
200 247150112 0 29 435
200 91931225 15 10 328
200 901062638 16 29 895
200 260768157 1 14 100
200 477180194 18 1 613
200 568833491 3 26 34
300 247150112
400 15 26 333
200 268113593 15 28 296
200 934418638 20 11 33
200 25015759 13 2 350
200 102257420 8 7 295
200 919851157 29 24 308
200 9636922 8 19 973
200 251496587 23 12 282
300 364244058
400 15 16 -1
